Time,Speed
0.005,1.11739039195645
0.01,1.18989991085174
0.02,1.26711470586922
0.025,1.34588929303836
0.03,1.42308435634673
0.035,1.49900515179512
0.045,1.57222648748948
0.05,1.6447633149348
0.055,1.71862787885353
0.06,1.79238685630038
0.065,1.86633191580328
0.07,1.93730464372571
0.075,2.00558569080052
0.08,2.07489588192013
0.085,2.14205847557409
0.09,2.2038882379082
0.095,2.26062966520464
0.1,2.31595795070485
0.105,2.37354269959848
0.11,2.43016080391786
0.115,2.48258533324806
0.12,2.5310235923244
0.125,2.57566712278981
0.13,2.61669246061674
0.135,2.65426183419158
0.14,2.69197462381911
0.145,2.7299799589235
0.15,2.7649773077577
0.155,2.80055587995038
0.16,2.83685636549122
0.165,2.87057149106789
0.17,2.90183457795713
0.175,2.92731843322866
0.18,2.94712382886727
0.185,2.96823071825743
0.19,2.99072256534578
0.195,3.01123749268378
0.2,3.02985662339519
0.205,3.04665358396772
0.21,3.06169479539761
0.215,3.07849055383857
0.22,3.0971072755332
0.225,3.11416775944579
0.23,3.13319028663242
0.235,3.15425007875008
0.24,3.17397959550916
0.245,3.19245685424815
0.25,3.20975492044387
0.255,3.22594219663765
0.26,3.24108269292265
0.265,3.25523628006196
0.27,3.26500810824095
0.275,3.27043681865069
0.28,3.27844551428589
0.285,3.28906586430124
0.29,3.29888904723952
0.295,3.30795390736631
0.3,3.31629629027626
0.305,3.32394918463905
0.31,3.330942852648
0.315,3.3373049496872
0.32,3.34306063369054
0.325,3.34823266462486
0.33,3.35284149449073
0.335,3.35690534819676
0.34,3.36044029562715
0.345,3.36346031518766
0.35,3.36597734908098
0.355,3.36800135053037
0.36,3.36954032313817
0.365,3.37060035253475
0.37,3.37118563044328
0.375,3.37129847125521
0.38,3.37093932118214
0.385,3.3701067600204
0.39,3.36879749553494
0.395,3.36700635044081
0.4,3.36817705992764
0.405,3.37231425338595
0.41,3.37253265471612
0.415,3.36883312755259
0.42,3.36810267867904
0.425,3.37033841964778
0.43,3.36864755535785
0.435,3.36302339954657
0.44,3.36034534834973
0.445,3.36405362982325
0.45,3.37071208979833
0.455,3.37689624013318
0.46,3.38263053509881
0.465,3.38793765008241
0.47,3.39283857125363
0.475,3.3973526785512
0.48,3.4014978223179
0.485,3.40529039388699
0.49,3.40874539039922
0.495,3.41187647410674
0.5,3.4146960263983
0.505,3.41721519675965
0.51,3.41944394686238
0.515,3.42139108995587
0.52,3.42306432571788
0.525,3.42447027070181
0.53,3.42561448450078
0.535,3.42650149173221
0.54,3.42713479992972
0.545,3.42751691341315
0.55,3.42764934319146
0.555,3.42753261293784
0.56,3.42716626106048
0.565,3.42654883887722
0.57,3.42567790488704
0.575,3.42455001511549
0.58,3.42316070949599
0.585,3.42150449423322
0.59,3.41957482007875
0.595,3.41736405643304
0.6,3.41486346117138
0.605,3.41206314607455
0.61,3.40895203772735
0.615,3.4055178337305
0.62,3.40174695405265
0.625,3.39762448733032
0.63,3.3931341319031
0.635,3.38825813135136
0.64,3.3829772042811
0.645,3.37727046807876
0.65,3.37111535633403
0.655,3.36793834760185
0.66,3.36772687889001
0.665,3.36702929598069
0.67,3.36929365838693
0.675,3.37452892018148
0.68,3.3793049654043
0.685,3.38364068019138
0.69,3.38755320945978
0.695,3.38760720670719
0.7,3.38380288545741
0.705,3.38302683810203
0.71,3.38527599588119
0.715,3.38710843474595
0.72,3.38853140079387
0.725,3.38955052092524
0.735,3.39016982509383
0.74,3.3903917622427
0.745,3.39021720998814
0.75,3.38964547809012
0.755,3.38867430572282
0.76,3.38729985253453
0.765,3.3855166834616
0.77,3.38331774723627
0.775,3.38069434850356
0.78,3.37763611343683
0.785,3.37413094871602
0.79,3.37016499370656
0.795,3.36572256564953
0.8,3.36078609764671
0.805,3.35533606919487
0.81,3.35280174699237
0.815,3.35317310945197
0.82,3.35300080707206
0.825,3.35573497650671
0.83,3.36138642960829
0.835,3.36652669618123
0.84,3.37117610261883
0.845,3.3753530342835
0.85,3.37907400820887
0.855,3.3823537384138
0.86,3.3852051940868
0.865,3.38763965087059
0.87,3.38966673544997
0.875,3.39129446361903
0.88,3.39252927197838
0.885,3.39337604338767
0.89,3.39383812627418
0.895,3.39391734787358
0.9,3.39361402145549
0.905,3.39292694756227
0.91,3.39185340926592
0.915,3.39038916142441
0.92,3.38852841389494
0.925,3.3862638086377
0.93,3.38358639061962
0.935,3.3804855724031
0.94,3.37694909227957
0.945,3.37296296578252
0.95,3.36851143038799
0.955,3.3670277011815
0.96,3.36850591098418
0.965,3.36950108715194
0.97,3.37346798295315
0.975,3.3804222848669
0.98,3.38694067461284
0.985,3.39304892816029
0.99,3.39877119965812
0.995,3.40413011694854
1,3.40569605304815
1.005,3.40347520021033
1.01,3.40436041240886
1.015,3.40835519007918
1.02,3.41202451195765
1.025,3.41538288781308
1.03,3.41844359782608
1.035,3.41776792710615
1.04,3.41335320381741
1.045,3.41208360661047
1.05,3.41395411505853
1.055,3.41552130780212
1.06,3.41679138206383
1.065,3.41776936015691
1.07,3.41845910934527
1.08,3.41886335713595
1.085,3.41898370206463
1.09,3.41882062001683
1.095,3.41837346610968
1.1,3.41764047214184
1.105,3.41661873960145
1.11,3.41530422820438
1.115,3.41369173991756
1.12,3.41177489840415
1.125,3.40954612380931
1.13,3.40699660278681
1.135,3.40411625364804
1.14,3.40089368649549
1.145,3.39731615818318
1.15,3.39336952192581
1.155,3.38903817135754
1.16,3.38430497881895
1.165,3.37915122762839
1.17,3.37355653806972
1.175,3.36749878680386
1.18,3.36440483738279
1.185,3.36426245525954
1.19,3.3636202594086
1.195,3.36592652836261
1.2,3.37119038190729
1.205,3.3759818171443
1.21,3.37686896306976
1.215,3.37040450976841
1.22,3.36346453054892
1.225,3.36292321832588
1.23,3.36532761456607
1.235,3.36723640908715
1.24,3.3686571499234
1.245,3.36959545517584
1.25,3.37005503522823
1.255,3.36658688942186
1.26,3.35917730350775
1.265,3.35469861341305
1.27,3.35313310884687
1.275,3.35102378126494
1.28,3.34836228965588
1.285,3.34513810956061
1.29,3.34133849145501
1.295,3.33694841033389
1.3,3.33195050629689
1.305,3.32632501590147
1.31,3.32004969401138
1.315,3.31655054382904
1.32,3.31926454650074
1.325,3.32475161613515
1.33,3.32958263250761
1.335,3.33377669912905
1.34,3.33735040079066
1.345,3.34031786914581
1.35,3.34269083859153
1.355,3.34447869267041
1.36,3.34568850117633
1.365,3.34632504811087
1.37,3.34639085060096
1.375,3.34588616885243
1.38,3.34480900717893
1.385,3.34315510611038
1.39,3.34091792554945
1.395,3.33808861890982
1.4,3.33465599813371
1.405,3.33060648945038
1.41,3.3259240797008
1.415,3.32059025301603
1.42,3.3145839175991
1.425,3.30788132232073
1.43,3.30390678079646
1.435,3.30609539431065
1.44,3.3110049994014
1.445,3.31520419234934
1.45,3.31870957821689
1.455,3.32153501851316
1.46,3.32369168600706
1.465,3.32518810890839
1.47,3.32603020459127
1.475,3.32622130299352
1.48,3.32576215978436
1.485,3.32465095935263
1.49,3.32288330762717
1.495,3.32045221470121
1.5,3.31734806719181
1.505,3.31355859022525
1.51,3.3090687988979
1.515,3.30731175701806
1.52,3.30828051663396
1.525,3.30507727256181
1.53,3.30114017606308
1.535,3.30335529449007
1.54,3.30828056919046
1.545,3.31248465840794
1.55,3.3159841865665
1.555,3.3187929920118
1.56,3.32092218173282
1.565,3.32238017528273
1.57,3.32317273807268
1.575,3.3233030041703
1.58,3.32277148869282
1.585,3.32157608984407
1.59,3.32316289860054
1.595,3.32753818975331
1.605,3.3295430377221
1.61,3.33091077936839
1.615,3.33337223221475
1.62,3.33521172069909
1.625,3.33643651879559
1.63,3.3370514697799
1.635,3.33705900538105
1.64,3.33645915539743
1.645,3.33524954781456
1.65,3.33342539942536
1.655,3.3309794969157
1.66,3.32790216834042
1.665,3.32418124487713
1.67,3.3198020127065
1.675,3.31474715482868
1.68,3.30899668258593
1.685,3.30597867461783
1.69,3.30568119667622
1.695,3.30465225443303
1.7,3.30633859709179
1.705,3.31074689303508
1.71,3.31444375619365
1.715,3.31744380524406
1.72,3.31975890341871
1.725,3.32139820541712
1.73,3.32236819360684
1.735,3.32267270365691
1.74,3.32231293970548
1.745,3.32128747912136
1.75,3.31959226687844
1.755,3.31722059952072
1.76,3.31416309865455
1.765,3.31040767386317
1.77,3.30593947489703
1.775,3.3007408329508
1.78,3.29479119079475
1.785,3.28806702148437
1.79,3.28399255332401
1.795,3.28600249245354
1.8,3.29065396887068
1.805,3.29451455812593
1.81,3.29759952632553
1.815,3.29992107250158
1.82,3.30148837685123
1.825,3.3023076370384
1.83,3.30238209270146
1.835,3.30171203826385
1.84,3.30029482409841
1.845,3.29812484604977
1.85,3.29519352327359
1.855,3.29148926430497
1.86,3.28699742122175
1.865,3.28170023172155
1.87,3.27557674888351
1.875,3.27205357633422
1.88,3.2711167822299
1.885,3.26931184416507
1.89,3.27008244278717
1.895,3.27343162530991
1.9,3.27592181756294
1.905,3.27756286662839
1.91,3.27836126178231
1.915,3.2783201601555
1.92,3.27743939921789
1.925,3.27571549613587
1.93,3.27314163399993
1.935,3.26970763486828
1.94,3.26539991951968
1.945,3.26020145375657
1.95,3.25754249904324
1.955,3.26086335894968
1.96,3.26672634730814
1.965,3.2717038304067
1.97,3.27581549093644
1.975,3.27907758782633
1.98,3.28150302053661
1.985,3.28310138006776
1.99,3.28387898688663
1.995,3.28383891591974
2,3.28298100871263
2.005,3.28130187280323
2.01,3.27879486830695
2.015,3.27545008166021
2.02,3.27125428641885
2.025,3.26619089095615
2.03,3.26023987285378
2.035,3.25682851772359
2.04,3.25939415388391
2.045,3.26449610875086
2.05,3.26870373922267
2.055,3.27203368372667
2.06,3.27449911001605
2.065,3.27610976723977
2.07,3.27687202449398
2.075,3.27678889600774
2.08,3.27586005306222
2.085,3.27408182269092
2.09,3.27144717315542
2.095,3.26794568613949
2.1,3.26701433354878
2.105,3.26864943249277
2.11,3.26940663072133
2.115,3.27273974045569
2.12,3.27866194196546
2.125,3.28374583568802
2.13,3.28801152509889
2.135,3.29147587821054
2.14,3.29415259427434
2.145,3.29605225795212
2.15,3.29718238117162
2.155,3.29754743283124
2.16,3.2971488564716
2.165,3.2959850759838
2.17,3.29405148937696
2.175,3.29134045058035
2.18,3.28784123920815
2.185,3.28354001816738
2.19,3.27841977894121
2.195,3.27591109232873
2.2,3.27945485611202
2.205,3.28561426556241
2.21,3.29096285911958
2.215,3.29207096897652
2.22,3.28894297698315
2.225,3.28846814997105
2.23,3.29064461030986
2.24,3.29203014647979
2.245,3.29263023737046
2.25,3.29244725594896
2.255,3.29148047864343
2.26,3.28972608248173
2.265,3.2871771299742
2.27,3.2838235416803
2.275,3.27965205635111
2.28,3.27464617848971
2.285,3.26878611312228
2.29,3.26549950551927
2.295,3.2682241772939
2.3,3.27352008474418
2.305,3.27450653372666
2.31,3.27118742500206
2.315,3.27045126966025
2.32,3.27229515668819
2.325,3.27327555945611
2.33,3.27339635481593
2.335,3.2726580204343
2.34,3.27105763668151
2.345,3.26858887508624
2.35,3.2652419733106
2.355,3.26445451454379
2.36,3.26622338490126
2.365,3.26710476111139
2.37,3.27055294643809
2.375,3.27658157619971
2.38,3.28176367168778
2.385,3.2861197247016
2.39,3.2896669605826
2.395,3.2924194063293
2.4,3.29438794606492
2.405,3.29558036407696
2.41,3.29600137559901
2.415,3.29565264545634
2.42,3.29453279464926
2.425,3.29263739490005
2.43,3.28995895114202
2.435,3.28648687188144
2.44,3.28220742731507
2.445,3.2771036950378
2.45,3.27460631112291
2.455,3.27470540004995
2.46,3.27395053565352
2.465,3.27578955093581
2.47,3.28022971799983
2.475,3.28383777680574
2.48,3.28662799486698
2.485,3.28861140567156
2.49,3.28979585231235
2.495,3.29018601850135
2.5,3.28978344709074
2.505,3.28858654617379
2.51,3.28659058279
2.515,3.28378766420926
2.52,3.28016670672128
2.525,3.27571339180679
2.53,3.27041010951715
2.535,3.26423588883848
2.54,3.25716631476507
2.545,3.25262424975127
2.55,3.25404255089713
2.555,3.257976008659
2.56,3.26098935929309
2.565,3.26309451863085
2.57,3.26429981120098
2.575,3.26461000314752
2.58,3.26402632107679
2.585,3.26254645690784
2.59,3.26016455874551
2.595,3.25687120773999
2.6,3.25610419883875
2.605,3.26131131702043
2.61,3.26906233503539
2.615,3.27248626709719
2.62,3.27159665261837
2.625,3.27329160974997
2.63,3.27757784093921
2.635,3.28102147743052
2.64,3.28363613655457
2.645,3.2854321575786
2.65,3.28641664259141
2.655,3.2865934845875
2.66,3.28596338286136
2.665,3.28452384577264
2.67,3.28226918089341
2.675,3.2791904724983
2.68,3.27527554630866
2.685,3.2705089213512
2.69,3.26487174874091
2.695,3.26179255514335
2.7,3.2612591643612
2.705,3.25981864918534
2.71,3.26091613131748
2.715,3.26455595058184
2.72,3.26730168208638
2.725,3.26916418340388
2.73,3.27015081950924
2.74,3.27026549190313
2.745,3.26950865403989
2.75,3.26787731312065
2.755,3.26536501825872
2.76,3.26196183497061
2.765,3.25765430589162
2.77,3.25587621555806
2.775,3.2566205327853
2.78,3.25643938286395
2.785,3.25878286746186
2.79,3.2636602535283
2.795,3.26764000993873
2.8,3.27073787402755
2.805,3.27296609582167
2.81,3.27433348648136
2.815,3.27484545314259
2.82,3.27450402029874
2.825,3.27330783780619
2.83,3.27125217554529
2.835,3.26832890471591
2.84,3.26452646569334
2.845,3.26328064031481
2.85,3.26803732015286
2.855,3.27536449676873
2.86,3.2818403263577
2.865,3.28749041659152
2.87,3.2923371098827
2.875,3.29639957173416
2.88,3.29969386652626
2.885,3.3022330210409
2.89,3.30402707597393
2.895,3.30508312563957
2.9,3.30540534602373
2.905,3.30499501129734
2.91,3.30385049885487
2.915,3.30196728289795
2.92,3.29933791653882
2.925,3.29595200235278
2.93,3.29179615126311
2.935,3.2868539295961
2.94,3.28455661209387
2.945,3.28489511436784
2.95,3.28096913897851
2.955,3.27621397925758
2.96,3.27751246765219
2.965,3.28141892083758
2.97,3.28449796828453
2.975,3.28676178561242
2.98,3.28821932473858
2.985,3.28887634927722
2.99,3.2887354573308
2.995,3.28779609176379
3,3.28605453799959
3.005,3.28350390933177
3.01,3.28013411969172
3.015,3.27593184376477
3.02,3.27433128229464
3.025,3.27877692410457
3.03,3.28583553080378
3.035,3.28863337857181
3.04,3.28718153106719
3.045,3.28492506517964
3.05,3.28185505806201
3.055,3.28141018784079
3.06,3.28358869534516
3.065,3.28494837715054
3.07,3.28549460990942
3.075,3.28522955361522
3.08,3.28415216014359
3.085,3.28225816910783
3.09,3.27954009101177
3.095,3.2759871776338
3.1,3.27503619752191
3.105,3.27668339017158
3.11,3.27748445115538
3.115,3.27744254814572
3.12,3.27655751544361
3.125,3.27827667132069
3.13,3.2826068139144
3.135,3.28611424811007
3.14,3.28881284351658
3.145,3.29071327131426
3.15,3.29182304645245
3.155,3.29214655736618
3.16,3.29168508332959
3.165,3.29043679951459
3.17,3.28839676977491
3.175,3.28555692712681
3.18,3.28190604184947
3.185,3.27742967707877
3.19,3.27211013171896
3.195,3.26937718844368
3.2,3.26922004024924
3.205,3.26818724771996
3.21,3.269725544834
3.215,3.27384101455063
3.22,3.27709911286431
3.225,3.27951272342356
3.23,3.28109139047996
3.235,3.28184135662952
3.24,3.28176558749797
3.245,3.28086378346794
3.25,3.27913237849416
3.255,3.27656452600203
3.26,3.27315007181396
3.265,3.26887551399621
3.27,3.26372394946756
3.275,3.25767500715869
3.28,3.25415558545523
3.285,3.25315176734555
3.29,3.25120876538806
3.295,3.25176971427778
3.3,3.2548368322008
3.305,3.25697142960571
3.31,3.25818194742953
3.315,3.25847317247876
3.32,3.25784625635803
3.325,3.25629872002401
3.33,3.25382444398236
3.335,3.25041364408916
3.34,3.24605283286102
3.345,3.24417558413819
3.35,3.24477447462943
3.355,3.24440105455772
3.36,3.24650466528817
3.38,3.25109362522575
3.385,3.25473526270917
3.39,3.25744397803356
3.395,3.25923048239691
3.4,3.26010184025587
3.405,3.26006149726101
3.41,3.25910929388218
3.415,3.25724146477762
3.42,3.2544506239045
3.425,3.250725735312
3.43,3.2495028874986
3.435,3.25077724490076
3.44,3.25110302877144
3.445,3.25393234537015
3.45,3.25927638279406
3.455,3.26370545521964
3.46,3.26378625873502
3.465,3.25951911286527
3.47,3.25778877983322
3.475,3.25858841730312
3.48,3.258470369321
3.485,3.25743416908427
3.49,3.25547571909852
3.495,3.25258727497462
3.5,3.24875741480467
3.505,3.24742181199321
3.51,3.25202600310173
3.515,3.25913737669828
3.52,3.26533323561826
3.525,3.2706380804325
3.53,3.27507288833363
3.535,3.27865519608717
3.54,3.28139916937795
3.545,3.28331565882617
3.55,3.2844122428945
3.555,3.28469325785591
3.56,3.28415981494083
3.565,3.28280980473133
3.57,3.28063788881974
3.575,3.27763547869875
3.58,3.2737907017995
3.585,3.26908835454327
3.59,3.26696066021866
3.595,3.26739920518581
3.6,3.26695490560602
3.605,3.26907682256227
3.61,3.27377334684868
3.615,3.27761223215065
3.62,3.28060865874944
3.625,3.28277447555302
3.63,3.28411824695072
3.635,3.28464528667977
3.64,3.28435767883769
3.645,3.28325428612353
3.65,3.28133074534057
3.655,3.27857945014271
3.66,3.27498952095643
3.665,3.2739975799564
3.67,3.27559970466456
3.675,3.27635141243924
3.68,3.2762556757932
3.685,3.27531211615058
3.69,3.27696782034728
3.695,3.28122933561081
3.7,3.28466269545027
3.705,3.28728147655892
3.71,3.28909603450372
3.715,3.29011354467488
3.72,3.29033803065982
3.725,3.28977038015384
3.73,3.28840834847034
3.735,3.28624654966459
3.74,3.28327643523582
3.745,3.2794862603235
3.75,3.27486103726409
3.755,3.27283329432194
3.76,3.27339501309957
3.77,3.26964677883282
3.775,3.2650245877033
3.78,3.26641179796199
3.785,3.27036307712111
3.79,3.27344323190883
3.795,3.27566444232335
3.8,3.27703549179951
3.805,3.27756180194153
3.81,3.27724545396186
3.815,3.27608519691111
3.82,3.27407644273128
3.825,3.27121124811303
3.83,3.26747828308508
3.835,3.26286278621156
3.84,3.25734650622022
3.845,3.25435844782787
3.85,3.25733761321466
3.855,3.26284496503443
3.86,3.26745146326527
3.865,3.2711753235957
3.87,3.27403127145844
3.875,3.27603060025991
3.88,3.27718121603825
3.885,3.27748766872652
3.89,3.27695117014472
3.895,3.27556959879175
3.9,3.27333749145627
3.905,3.27024602161325
3.91,3.26628296452084
3.915,3.2614326488795
3.92,3.25912671285963
3.925,3.259356037992
3.93,3.25867071311027
3.935,3.26051884619993
3.94,3.26490774541895
3.945,3.2684039479967
3.95,3.27102127912837
3.955,3.2727700886472
3.96,3.27365729195138
3.965,3.27368639734987
3.97,3.27285751993549
3.975,3.27116738204003
3.98,3.26860930027323
3.985,3.26517315909431
3.99,3.26084537081168
3.995,3.25905963984974
4,3.26325972280747
4.005,3.2700114102694
4.01,3.27243976475016
4.015,3.27055438880391
4.02,3.2712494629962
4.025,3.27452773589098
4.03,3.27695135291671
4.035,3.27852989789401
4.04,3.27926961293614
4.045,3.27917342313241
4.05,3.27824094811504
4.055,3.27646850055506
4.06,3.27384907158128
4.065,3.27037230306484
4.07,3.26602444665959
4.075,3.26078830943632
4.08,3.25464318589598
4.085,3.24756477609303
4.09,3.24297590754228
4.095,3.24430925226641
4.1,3.24811926477465
4.105,3.25097019317795
4.11,3.25287331103404
4.115,3.25383614392968
4.12,3.25386249923942
4.125,3.25295248118127
4.13,3.25110249122883
4.135,3.2517560318788
4.14,3.25491568745711
4.145,3.25369231634099
4.15,3.25153189889488
4.155,3.25532752807505
4.16,3.26164339511577
4.165,3.26705365714419
4.17,3.2715797082091
4.175,3.27523944588306
4.18,3.27804734203563
4.185,3.28001450006012
4.19,3.28114869878028
4.195,3.28145442321045
4.2,3.28093288229084
4.205,3.27958201366813
4.21,3.2773964755402
4.215,3.27436762553277
4.22,3.27048348652451
4.225,3.26572869928531
4.23,3.26353527973792
4.235,3.26734537233953
4.24,3.27372322551781
4.245,3.27924324151453
4.25,3.28392724838368
4.255,3.28779376830973
4.26,3.29085809085084
4.265,3.29313233339903
4.27,3.29462548909656
4.275,3.29534346239788
4.28,3.29528909241796
4.285,3.29101134616175
4.29,3.28249330793986
4.295,3.27660293047533
4.3,3.27331692117676
4.305,3.26917146802865
4.31,3.26415017847432
4.315,3.25823319659679
4.32,3.25139712460161
4.325,3.24706574829118
4.33,3.2486727579016
4.335,3.25277369010782
4.34,3.25593394341796
4.345,3.2581660145675
4.35,3.2594787299384
4.355,3.2598772804616
4.36,3.25936324214384
4.365,3.25793458229967
4.37,3.25558565151356
4.375,3.2523071613001
4.38,3.2515369653715
4.385,3.25327201810645
4.39,3.25406836250671
4.395,3.25737996559103
4.4,3.26321992258428
4.405,3.26816050870054
4.41,3.27222126072747
4.415,3.27541823628418
4.42,3.27776407731863
4.425,3.27926806009826
4.43,3.27993613189157
4.435,3.2797709344857
4.44,3.2787718146329
4.445,3.27693482146744
4.45,3.2742526908825
4.455,3.27071481680533
4.46,3.26630720925723
4.465,3.26101243903229
4.47,3.25480956877629
4.475,3.2511248881905
4.48,3.25339464476977
4.485,3.25817699591996
4.49,3.26204003471556
4.495,3.26499903694913
4.5,3.26706570353975
4.505,3.26824820680247
4.51,3.2685512227645
4.515,3.26797594965586
4.52,3.26652011264753
4.525,3.26417795485607
4.53,3.26094021457884
4.535,3.25679408867008
4.54,3.2551739999101
4.545,3.25607354190717
4.55,3.25604545376439
4.555,3.25854044240885
4.56,3.26356837388927
4.565,3.26769831238977
4.57,3.26749577111943
4.575,3.26295994915994
4.58,3.26097454629589
4.585,3.2615317115571
4.59,3.26118283017057
4.6,3.25992652253853
4.605,3.25775782078574
4.61,3.25466814911479
4.615,3.25064528989443
4.62,3.24567333534682
4.625,3.24318344263999
4.63,3.24661658387364
4.635,3.25253551687926
4.64,3.2575128291694
4.645,3.26156820275974
4.65,3.26471767400118
4.655,3.26697369699317
4.66,3.26834519283153
4.665,3.26883758488554
4.67,3.26845282024382
4.675,3.26718937741378
4.68,3.26504226030515
4.685,3.26200297847368
4.69,3.2615103315443
4.695,3.26356237142052
4.7,3.26471639458099
4.705,3.26497696443274
4.71,3.26434511135917
4.715,3.26626915479182
4.72,3.27075670306443
4.725,3.27437468349887
4.73,3.27713740284212
4.735,3.27905578584275
4.74,3.28013741845119
4.745,3.28038657781716
4.75,3.27980424920305
4.755,3.27838812987994
4.76,3.27613262002185
4.765,3.27302880056208
4.77,3.26906439792411
4.775,3.267674553485
4.78,3.26885377131874
4.785,3.26915589646351
4.79,3.27203294162402
4.795,3.27749628363272
4.8,3.28211670843766
4.805,3.28591248679787
4.81,3.28889862853485
4.815,3.29108694188666
4.82,3.29248608020176
4.825,3.29310157615735
4.83,3.2929358636375
4.835,3.29198828735752
4.84,3.29025510027283
4.845,3.28772944876175
4.85,3.28440134552398
4.855,3.28025763008731
4.86,3.2752819167666
4.865,3.26945452986907
4.87,3.26620324388714
4.875,3.26896602010795
4.88,3.27430296550768
4.885,3.27878436621845
4.89,3.28242794324988
4.895,3.28524810456675
4.9,3.28725600206308
4.905,3.28845957566058
4.91,3.28886358470588
4.915,3.28846962679058
4.92,3.28727614406872
4.925,3.2852784170965
4.93,3.28246854616998
4.935,3.2788354200869
4.94,3.27436467220914
4.945,3.26903862365208
4.95,3.26283621337616
4.955,3.25918373290156
4.96,3.2615175570535
4.965,3.26639609658322
4.97,3.27038782492735
4.975,3.27350852676148
4.98,3.27577054242086
4.985,3.27718281669839
4.99,3.27775093421541
4.995,3.27747714150524
5,3.27636035589673
5.005,3.27439616123301
5.01,3.27157679040849
5.015,3.26789109465503
5.02,3.26677531745316
5.025,3.26822504663362
5.03,3.26534437893275
5.035,3.26157274119066
5.04,3.26034603704352
5.045,3.2582085976812
5.05,3.25860278892591
5.055,3.26153016954629
5.06,3.26355149742128
5.065,3.26467476558097
5.07,3.26490441581646
5.075,3.26424135624429
5.08,3.26268296489738
5.085,3.26022307935694
5.09,3.25685197238406
5.095,3.25255631345488
5.1,3.2473191160471
5.105,3.24457048846666
5.11,3.24775037968603
5.115,3.24996972810112
5.12,3.24778649178648
5.125,3.24809367346463
5.13,3.25089248783827
5.135,3.2527431843909
5.14,3.25365308141728
5.145,3.25362577696521
5.15,3.25266116306345
5.155,3.25075542529472
5.16,3.25135184570956
5.165,3.25445278276073
5.17,3.25316886263206
5.175,3.24749500825893
5.18,3.24431041925184
5.185,3.24705332064086
5.19,3.25228374081018
5.195,3.25657154465431
5.2,3.25993368763383
5.205,3.26238346482587
5.21,3.26393056349743
5.215,3.26458110141215
5.22,3.26433765102213
5.225,3.26319924964027
5.23,3.26116139563345
5.235,3.25821603062154
5.24,3.25435150761176
5.245,3.24955254494247
5.25,3.24380016585415
5.255,3.24052244144604
5.26,3.24315722845862
5.265,3.24826412775442
5.27,3.25241251578364
5.275,3.25561879670849
5.28,3.25789564927357
5.285,3.25925207694204
5.29,3.25969344349842
5.295,3.25922149425885
5.3,3.25783436297267
5.305,3.25552656444263
5.31,3.25573979083184
5.315,3.25847488531125
5.32,3.26029184539385
5.325,3.26119785596871
5.33,3.26119649971527
5.335,3.26373858926776
5.34,3.26883417692817
5.345,3.2696017764193
5.35,3.26604442309521
5.355,3.26504968594416
5.36,3.26661363143113
5.365,3.2672916259406
5.37,3.26708635049755
5.375,3.26599699337181
5.38,3.26401924686826
5.385,3.26114529029261
5.39,3.25736375902579
5.395,3.2526596995842
5.4,3.24701451048856
5.405,3.24385668670444
5.41,3.24662455910087
5.415,3.25187825480608
5.42,3.25618773075407
5.425,3.25957002810444
5.43,3.26203852163168
5.435,3.26360297261363
5.44,3.26426956743101
5.445,3.26404094203045
5.45,3.26291619234799
5.455,3.26089087073406
5.46,3.25795696836594
5.465,3.25410288357814
5.47,3.24931337598533
5.475,3.24356950621663
5.48,3.24029937902012
5.485,3.24294088117824
5.49,3.24805364010755
5.495,3.25220705542927
5.5,3.25541755118525
5.505,3.25424700478969
5.51,3.24869078749696
5.515,3.24562856409529
5.52,3.24504822549337
5.525,3.24349665883418
5.53,3.24096772868608
5.535,3.2374514347839
5.54,3.23293387248441
5.545,3.23084799577989
5.55,3.23463637438914
5.555,3.24086317087519
5.565,3.24610219014938
5.57,3.25037414910737
5.575,3.25369594055358
5.58,3.25608070000121
5.585,3.25753785761457
5.59,3.25807317549926
5.595,3.25768877048749
5.6,3.25638312250877
5.605,3.25415106857907
5.61,3.25098378238454
5.615,3.24686873937922
5.62,3.2417896672587
5.625,3.23572648161371
5.63,3.23210602450683
5.635,3.23436479739477
5.64,3.23906091425006
5.645,3.24276212714696
5.65,3.24548307196242
5.655,3.24723450825405
5.66,3.24802336180722
5.665,3.24785275202192
5.67,3.246722004248
5.675,3.24462664711737
5.68,3.24155839486265
5.685,3.24095593254967
5.69,3.24281687783393
5.695,3.24369777153991
5.7,3.24705291502355
5.705,3.25289557568355
5.71,3.25779803942523
5.715,3.26177969228717
5.72,3.26485627910301
5.725,3.26703996576195
5.73,3.26833938731692
5.735,3.26875968213051
5.74,3.26830251219392
5.745,3.26696606969895
5.75,3.2647450698894
5.755,3.26163073016322
5.76,3.25761073534314
5.765,3.25266918897815
5.77,3.24678655048344
5.775,3.23993955787018
5.78,3.23555195375686
5.785,3.2370572060354
5.79,3.24101044899701
5.795,3.24397649713544
5.8,3.2459670792317
5.805,3.24699006673643
5.81,3.2470495048963
5.815,3.2461456287504
5.82,3.24427486405955
5.825,3.24142981317263
5.83,3.23759922577363
5.835,3.23621877239138
5.84,3.23728299423535
5.845,3.23734528160979
5.85,3.23985669881784
5.855,3.24482717687246
5.86,3.24882555276704
5.865,3.25186763746389
5.87,3.25396546041887
5.875,3.25512731715011
5.88,3.25535780204129
5.885,3.25465782650945
5.89,3.25302462260904
5.895,3.25045173208652
5.9,3.24692898084218
5.905,3.24244243869822
5.91,3.23697436431403
5.915,3.23395395302808
5.92,3.23682007908597
5.925,3.2421332581449
5.93,3.24646368235667
5.935,3.24982847571756
5.94,3.2522409437852
5.945,3.2537106262934
5.95,3.25424333487552
5.955,3.25384117604567
5.96,3.25250255952864
5.965,3.25022219197138
5.97,3.24699105601123
5.975,3.24279637461817
5.98,3.23762156057001
5.985,3.23489696885811
5.99,3.23461182550375
5.995,3.23331418495407
6,3.23444973388649
6.005,3.23802296265457
6.01,3.24059718304436
6.015,3.24218257441435
6.02,3.24278540595077
6.025,3.24240806145819
6.03,3.24104904878587
6.035,3.23870299392729
6.04,3.23536061976947
6.045,3.23100870940806
6.05,3.22908087188042
6.055,3.23302030184699
6.06,3.23939175918013
6.065,3.24476962083025
6.07,3.24917515272383
6.075,3.2526257758589
6.08,3.25513513519376
6.085,3.25671315360381
6.09,3.25736607112005
6.095,3.25709646960436
6.1,3.25590328295902
6.105,3.25378179291102
6.11,3.25072361035437
6.115,3.24671664217668
6.12,3.24174504343879
6.125,3.23923997271573
6.13,3.23919152409076
6.135,3.23814868798391
6.14,3.23955815865758
6.145,3.24342550964667
6.15,3.24631521579835
6.155,3.24823870401098
6.16,3.24920358042276
6.165,3.24921366048899
6.17,3.24826898406976
6.175,3.24636581558751
6.18,3.24349662925529
6.185,3.2396500793172
6.19,3.23826177318064
6.195,3.24277703899993
6.2,3.24976291370172
6.205,3.25579620385537
6.21,3.26090076717851
6.215,3.26509678888144
6.22,3.26840086148639
6.225,3.27082605044012
6.23,3.2723819457792
6.235,3.27307470005238
6.24,3.27290705264985
6.245,3.27187834063573
6.25,3.26998449612665
6.255,3.26721803020588
6.26,3.26356800330957
6.265,3.25901998196796
6.27,3.25355598173039
6.275,3.2471543960486
6.28,3.23978991083695
6.285,3.23488422236907
6.29,3.235868749852
6.295,3.2392965684509
6.3,3.24173041494969
6.305,3.24317991361987
6.31,3.24365079628094
6.315,3.24314492496591
6.32,3.24166029928452
6.325,3.23919104851291
6.33,3.23572740837884
6.335,3.23125568245029
6.34,3.22920900597242
6.345,3.2330301036753
6.35,3.23928326750458
6.355,3.2445424066372
6.36,3.24882831752971
6.365,3.2521579481573
6.37,3.25454446503201
6.375,3.25599730526764
6.38,3.25652221389736
6.385,3.25612126659158
6.39,3.25479287786588
6.395,3.25253179481143
6.4,3.24932907632317
6.405,3.2451720577436
6.41,3.24004430078233
6.415,3.23737634651074
6.42,3.24060846291145
6.425,3.24630261289417
6.43,3.2510304951016
6.435,3.2548108052165
6.44,3.25765849189359
6.445,3.25958481587171
6.45,3.26059739450263
6.455,3.26070023187277
6.46,3.25989373463669
6.465,3.25817471362514
6.47,3.25553637123402
6.475,3.25196827454428
6.48,3.24745631406653
6.485,3.24198264794727
6.49,3.23897644941331
6.495,3.24187664891241
6.5,3.24724389683992
6.505,3.25164859915469
6.51,3.25510817357431
6.515,3.25763630045354
6.52,3.25924297688115
6.525,3.25993455621188
6.53,3.25971377318979
6.535,3.25857975476238
6.54,3.25652801662827
6.545,3.25355044550467
6.55,3.2496352670447
6.555,3.24821781727483
6.56,3.24929249110805
6.565,3.24941272017936
6.57,3.25202979791343
6.575,3.25715407314152
6.58,3.26135499102428
6.585,3.26464916344514
6.59,3.26704961670211
6.595,3.26856584301824
6.6,3.26920383807724
6.605,3.26896612473241
6.61,3.26785176298289
6.615,3.26585634625659
6.62,3.26297198398509
6.625,3.25918727040157
6.63,3.25448723943846
6.635,3.24885330554646
6.64,3.24571400819813
6.645,3.24505693352512
6.65,3.24342866522941
6.655,3.24427358257186
6.66,3.24759502664811
6.665,3.24995531360041
6.67,3.25136377682037
6.675,3.25182598585907
6.68,3.25134376845106
6.685,3.24991521774178
6.69,3.24753468474725
6.695,3.24764357401333
6.7,3.25024231612586
6.705,3.24843955141606
6.71,3.24567896912556
6.715,3.24885128895107
6.72,3.25451823734595
6.725,3.25580058739106
6.73,3.25270340994238
6.735,3.25211609368283
6.74,3.25403631616065
6.745,3.25502085260284
6.75,3.2550735962073
6.755,3.2541947555405
6.76,3.25238085536223
6.765,3.24962472288332
6.77,3.24591545940194
6.775,3.24123839720634
6.78,3.239025859571
6.785,3.23926909735626
6.79,3.23851825441119
6.795,3.2402211796402
6.8,3.24438460699912
6.805,3.24757418212352
6.81,3.24980251769752
6.815,3.25107842533127
6.82,3.25140695040522
6.825,3.25078939202122
6.83,3.24922330813966
6.835,3.24670250592278
6.84,3.24321701724606
6.845,3.24220387727812
6.85,3.24710989771016
6.855,3.25450366064781
6.86,3.26096358559172
6.865,3.26651521732117
6.87,3.27118050890966
6.875,3.274977908535
6.88,3.27792243242974
6.885,3.28002572426059
6.89,3.28129610117147
6.895,3.28173858667244
6.9,3.28135493050433
6.905,3.28014361555784
6.91,3.27809985187439
6.915,3.27521555770494
6.92,3.27147932755197
6.925,3.26687638706819
6.93,3.26138853463366
6.935,3.25499406938026
6.94,3.25111852337632
6.945,3.25319738936876
6.95,3.25778806991598
6.955,3.26145790016057
6.96,3.26422139188161
6.965,3.26608947288191
6.97,3.26706953020038
6.975,3.2671654393229
6.98,3.26637757950732
6.985,3.26470283528324
6.99,3.26213458413228
6.995,3.25866267030042
7,3.25427336463859
7.005,3.24894931031287
7.01,3.24266945416959
7.015,3.23885978148115
7.02,3.24095604548037
7.025,3.24551571752338
7.03,3.24910601013443
7.035,3.25174112057325
7.04,3.25343146897863
7.045,3.25418373957328
7.05,3.25400090709551
7.055,3.25288224856243
7.06,3.25082334041097
7.065,3.24781604100564
7.07,3.24384845844363
7.075,3.23890490353014
7.08,3.23641664573519
7.085,3.23982466362348
7.09,3.2456916156801
7.095,3.25058988386694
7.1,3.25453883763193
7.105,3.25755409250513
7.11,3.25964757184804
7.115,3.26082755400262
7.12,3.26109870502673
7.125,3.2604620971454
7.13,3.2589152129907
7.135,3.25645193564724
7.14,3.25306252446377
7.145,3.24873357653524
7.15,3.2434479737031
7.155,3.24063563286153
7.16,3.24373625103866
7.165,3.24931127115473
7.17,3.25393192077168
7.175,3.25761647153751
7.18,3.26037949344133
7.185,3.26223191242814
7.19,3.26318105360382
7.195,3.26323067020112
7.2,3.26238095842122
7.205,3.26062855820965
7.21,3.25796653996937
7.215,3.25438437715883
7.22,3.25331872266366
7.225,3.25476536251712
7.23,3.25527919923661
7.235,3.25831308270769
7.24,3.26387900995578
7.245,3.26854817258649
7.25,3.27233903408506
7.255,3.27526658483003
7.26,3.2773424013704
7.265,3.27512387420597
7.27,3.26860223051241
7.275,3.26465331744778
7.28,3.26326151964293
7.285,3.26442133344759
7.29,3.268137345167
7.295,3.26752261320313
7.3,3.26602552469032
7.305,3.27054179561703
7.31,3.27418764888715
7.32,3.27180127447049
7.325,3.26854946281258
7.33,3.26614476412319
7.335,3.26285226039267
7.34,3.2586589319216
7.345,3.25354819683772
7.35,3.25095066352277
7.355,3.25085606043093
7.36,3.24981319547149
7.365,3.25126876279275
7.37,3.25522851821173
7.375,3.25825730197467
7.38,3.26036709094097
7.385,3.26156622794648
7.39,3.26185945479399
7.395,3.26124793100397
7.4,3.25972923839966
7.405,3.25729737154483
7.41,3.25394271399617
7.415,3.24965200027653
7.42,3.24440826341866
7.425,3.23819076787197
7.43,3.23097492750691
7.435,3.22273220839297
7.44,3.21688083396295
7.445,3.21684848385426
7.45,3.21918421214605
7.455,3.22044643711917
7.46,3.22064015004806
7.465,3.2197661169407
7.47,3.21782088156764
7.475,3.21479675179489
7.48,3.21068176916655
7.485,3.20545966161694
7.49,3.20256059712253
7.495,3.20197311177883
7.5,3.2002440644681
7.505,3.20081743593612
7.51,3.20369549349212
7.515,3.20543879997459
7.52,3.20605424902078
7.525,3.20554427432927
7.53,3.2039068592836
7.535,3.20113552897789
7.54,3.19721932461284
7.545,3.19214276016083
7.55,3.18588576112881
7.555,3.18187440317411
7.56,3.18354364199619
7.565,3.18744926034583
7.57,3.19015588439257
7.575,3.19167421706476
7.58,3.19201026237535
7.585,3.19116534916382
7.59,3.18913613635086
7.595,3.18591459972663
7.6,3.18493881821751
7.605,3.18620493324566
7.61,3.18281631547352
7.615,3.17821038313079
7.62,3.17927055876133
7.625,3.18255021666922
7.63,3.18461150775974
7.635,3.18546258309136
7.64,3.18510680811055
7.645,3.18354277595987
7.65,3.18076430191483
7.655,3.1767603989273
7.66,3.17151523417895
7.665,3.16500806647279
7.67,3.1572131642153
7.675,3.15155052166215
7.685,3.1514485647619
7.69,3.15345607234436
7.695,3.15413016479208
7.7,3.15347350769993
7.705,3.15148350441848
7.71,3.14815228578591
7.715,3.14346667901068
7.72,3.14085897357904
7.725,3.14376967571839
7.73,3.14875947735519
7.735,3.15239729189497
7.74,3.15469750451562
7.745,3.15566921105404
7.75,3.15531625397425
7.755,3.15363723756176
7.76,3.15062552240452
7.765,3.14972001713561
7.77,3.1543679590711
7.775,3.16113690978493
7.78,3.16660281805393
7.785,3.17078729797136
7.79,3.17370689641924
7.795,3.17537315850045
7.8,3.175792673192
7.805,3.17496709940021
7.81,3.17289317252053
7.815,3.16956269152821
7.82,3.16496248654858
7.825,3.15907436677883
7.83,3.15532586655258
7.835,3.15715298099974
7.84,3.16111211716596
7.845,3.16376811284875
7.85,3.16513147077438
7.855,3.16520758213201
7.86,3.1639967478923
7.865,3.16149417999753
7.87,3.15768998242801
7.875,3.15601993006707
7.88,3.15992823694693
7.885,3.1659795398685
7.89,3.17074694978081
7.895,3.17424931867288
7.9,3.1765004961236
7.905,3.17750938406786
7.91,3.17727997199779
7.915,3.17581135273868
7.92,3.17309771886161
7.925,3.16912833971893
7.93,3.16733833700887
7.935,3.1677206324411
7.94,3.16682591974678
7.945,3.16810147891954
7.95,3.17155235396187
7.955,3.17029055483355
7.96,3.16431109194405
7.965,3.16049195642201
7.97,3.1588180460836
7.975,3.15583192371063
7.98,3.1515217811416
7.985,3.14932139257819
7.99,3.15267287491969
7.995,3.15813866309006
8,3.16228955271034
8.005,3.16514195783489
8.01,3.1667071578609
8.015,3.16699134213106
8.02,3.16599563440835
8.025,3.16371609731977
8.03,3.16359453478396
8.035,3.16563046610055
8.04,3.16638112404939
8.045,3.16930029498916
8.05,3.17439952233219
8.055,3.17824815219115
8.06,3.18086140338067
8.065,3.18224960960052
8.07,3.18241826029859
8.075,3.18136802237813
8.08,3.17909474283486
8.085,3.1755894323346
8.09,3.1708382296663
8.095,3.16482234693
8.1,3.16096881324034
8.105,3.16271320838856
8.11,3.16661161231956
8.115,3.16922862267457
8.12,3.1705745880184
8.125,3.17065483076389
8.13,3.16946966821866
8.135,3.16701441383975
8.14,3.16327935870149
8.145,3.16170055110032
8.15,3.16572256588181
8.155,3.17191048948728
8.16,3.17683797311124
8.165,3.18052450172956
8.17,3.18298465315246
8.175,3.18422815567022
8.18,3.18425992652222
8.185,3.18308009134142
8.19,3.18068398465112
8.195,3.17706213141607
8.2,3.17220020957491
8.205,3.16952981140307
8.21,3.16904037722184
8.215,3.16727915364175
8.22,3.16768999417244
8.225,3.17027452341958
8.23,3.17159214350911
8.235,3.17164806476694
8.24,3.17044250832508
8.245,3.16797070699608
8.25,3.16422288642187
8.255,3.15918422642264
8.26,3.15628562038996
8.265,3.15896642422959
8.27,3.16378642077051
8.275,3.16731385195013
8.28,3.16956266645234
8.285,3.17054175686809
8.29,3.17025499485978
8.295,3.16870124647117
8.3,3.16587436764331
8.305,3.16176317991882
8.31,3.15635142623839
8.315,3.15306852465203
8.32,3.15535231142785
8.325,3.15976099945195
8.33,3.16286120420549
8.335,3.16466518497119
8.34,3.16518007531341
8.345,3.16440791128681
8.35,3.16234563948754
8.355,3.15898510497907
8.36,3.15431301904473
8.365,3.14831090663952
8.37,3.14440585133074
8.375,3.1460332291753
8.38,3.14974865739119
8.385,3.15211601007032
8.39,3.15314464854463
8.395,3.15283864040669
8.4,3.15119677559441
8.405,3.148212561606
8.41,3.14387419782639
8.415,3.14161534686082
8.42,3.14487789442801
8.425,3.15022392377303
8.43,3.15422375694908
8.435,3.15689321068104
8.44,3.15824284091297
8.445,3.15827798454999
8.45,3.1569987805622
8.455,3.15440017053424
8.46,3.15047187866257
8.465,3.14519837112139
8.47,3.14200961263381
8.475,3.14089299374501
8.48,3.13839328096008
8.485,3.13795140754672
8.49,3.13956562618451
8.495,3.13979150205537
8.5,3.13862992835068
8.505,3.13607631180594
8.51,3.13212055453742
8.515,3.13019783210895
8.52,3.13375135940782
8.525,3.13934437031369
8.53,3.14354816353033
8.535,3.14637936231123
8.54,3.14784916219637
8.545,3.14796337528325
8.55,3.14672245320996
8.555,3.14412148894108
8.56,3.14360101536091
8.565,3.14860979233407
8.57,3.15571680830114
8.575,3.16149934886599
8.58,3.16598028019557
8.585,3.16917732144342
8.59,3.17110311481725
8.595,3.17176527557067
8.6,3.17116642211649
8.605,3.16930418638087
8.61,3.16617120443911
8.615,3.16175508739615
8.62,3.15603837239661
8.625,3.1524492715679
8.63,3.15442441036032
8.635,3.15852078115901
8.64,3.16130376443473
8.645,3.16278436506665
8.65,3.16296843786216
8.655,3.16185671070883
8.66,3.15944478745266
8.665,3.15572313051424
8.67,3.15412784117112
8.675,3.15465261109705
8.68,3.15384869741665
8.685,3.15516373917425
8.69,3.15860293650018
8.695,3.16072907117379
8.7,3.16155055066752
8.705,3.16107062339563
8.71,3.15928739155958
8.715,3.15619380364344
8.72,3.15177762652975
8.725,3.14947221512291
8.73,3.15271927102553
8.735,3.15808081622328
8.74,3.1621272341244
8.745,3.16487452566591
8.75,3.16633355458953
8.755,3.16651009040064
8.76,3.16540483118296
8.765,3.16301340635895
8.77,3.15932635940709
8.775,3.15432911046749
8.78,3.1514527166854
8.785,3.15413662180149
8.79,3.15894062090827
8.795,3.16243289268378
8.8,3.16462724677941
8.805,3.16553236043084
8.81,3.16515181277074
8.815,3.16348409898193
8.82,3.16052262434683
8.825,3.15970649616695
8.83,3.16103248718899
8.835,3.1610550228431
8.84,3.16322501024037
8.845,3.16755103026211
8.85,3.17059937149157
8.855,3.17238208812514
8.86,3.17290622964147
8.865,3.17217386867752
8.87,3.17018210922455
8.875,3.16692307517626
8.88,3.16238387918392
8.885,3.15654657169537
8.89,3.15283888797359
8.895,3.15469698455107
8.9,3.15867739098753
8.905,3.16134502919048
8.91,3.16271044792476
8.915,3.16277904652868
8.92,3.16155109626485
8.925,3.15902174139289
8.93,3.15518097996812
8.935,3.15346444228774
8.94,3.15731615856491
8.945,3.16330054182172
8.95,3.16799043838368
8.955,3.17140439372518
8.96,3.17010508981003
8.965,3.1640873887408
8.97,3.16022913043914
8.975,3.1585150580162
8.98,3.155487575439
8.985,3.15113471099348
8.99,3.14543925194691
8.995,3.13837867648279
9,3.13337588263909
9.005,3.13386190563459
9.01,3.13638784937513
9.015,3.13751288431928
9.02,3.13724145924461
9.025,3.13557250084245
9.03,3.13249940947357
9.035,3.12801003307097
9.04,3.12208661908639
9.045,3.11815656228791
9.05,3.11965513986791
9.055,3.12313745972355
9.06,3.12516647415559
9.065,3.12575020658942
9.07,3.12489096530514
9.075,3.1225853525653
9.08,3.12227506917637
9.085,3.12740970616775
9.09,3.13455874967409
9.095,3.1402996514907
9.1,3.14465511313051
9.105,3.14764235759646
9.11,3.14927319748719
9.115,3.14955408170812
9.12,3.14848612097269
9.125,3.14606509219449
9.13,3.1422814217877
9.135,3.13712014780984
9.14,3.13056086079709
9.145,3.12602844105545
9.15,3.12695578382573
9.155,3.12989573814492
9.16,3.13140911161271
9.165,3.13150188863164
9.17,3.13017443607416
9.175,3.12742150473337
9.18,3.12668302656315
9.185,3.13140689936254
9.19,3.13816098496238
9.195,3.14352117335769
9.2,3.14750866058878
9.205,3.15013921456039
9.21,3.15142323739349
9.215,3.15136580655879
9.22,3.14996669495491
9.225,3.14722037001026
9.23,3.14311597180541
9.235,3.14108808812646
9.24,3.14457951801672
9.245,3.15015324980121
9.25,3.15438050594736
9.255,3.15727800248923
9.26,3.15885719713108
9.265,3.15912433455516
9.27,3.1580804711153
9.275,3.15572147901413
9.28,3.15203802998035
9.285,3.14701555838148
9.29,3.14408502162365
9.295,3.14668564934744
9.3,3.15137690733775
9.305,3.1547265284552
9.31,3.15674775826113
9.315,3.15744858939783
9.32,3.15683179319419
9.325,3.15489493062453
9.33,3.15163034266381
9.335,3.15047593799856
9.34,3.15487796971045
9.345,3.16140302695928
9.35,3.1666260940827
9.355,3.17056782489603
9.36,3.17324380636731
9.365,3.17466462025354
9.37,3.17483588494464
9.375,3.17375827768048
9.38,3.17142753722893
9.385,3.16783444703547
9.39,3.16641561677509
9.395,3.1671654359018
9.4,3.16663605146268
9.405,3.16827618808571
9.41,3.17209233143883
9.415,3.17464875387647
9.42,3.17595556437782
9.425,3.17601793052396
9.43,3.17483609893222
9.435,3.17240539623139
9.44,3.16871621058163
9.445,3.1637539536659
9.45,3.15749900300271
9.455,3.15337744234935
9.46,3.15482379162566
9.465,3.15839295220002
9.47,3.16064821977145
9.475,3.16159851244858
9.48,3.16124758801757
9.485,3.15959405880177
9.49,3.15663138617429
9.495,3.15234785470207
9.5,3.14672652581895
9.505,3.14319598884207
9.51,3.14519310080346
9.515,3.1492749409778
9.52,3.15200683237671
9.525,3.1533995778444
9.53,3.15345868477854
9.535,3.1521843869084
9.54,3.14957164521913
9.545,3.1456101280257
9.55,3.14028417011788
9.555,3.13702352881188
9.56,3.13926612840065
9.565,3.14357001890191
9.57,3.14650140139114
9.575,3.14807186756936
9.58,3.14828762760347
9.585,3.14714953468331
9.59,3.14465308839554
9.595,3.14078841692741
9.6,3.13899105602753
9.605,3.14270471630607
9.61,3.14849326486392
9.615,3.15292877362841
9.62,3.15602878213652
9.625,3.15780554889492
9.63,3.15826609985441
9.635,3.15741225619288
9.64,3.15524064151695
9.645,3.1517426685105
9.65,3.14690450497747
9.655,3.14415783714187
9.66,3.14349180372835
9.665,3.14145295301293
9.67,3.14148404067146
9.675,3.1435851896353
9.68,3.14431389057745
9.685,3.14367302503365
9.69,3.14166005879972
9.695,3.13826703191039
9.7,3.13348052716287
9.705,3.12728161706058
9.71,3.1230966069646
9.715,3.1243597658937
9.72,3.12762527081822
9.725,3.12945521667763
9.73,3.12985683971128
9.735,3.12883172807566
9.74,3.12637582812454
9.745,3.12593024637673
9.75,3.1309440388451
9.755,3.13798621380321
9.76,3.14363380045115
9.765,3.14790913130137
9.77,3.15082911249194
9.775,3.1524052906392
9.78,3.15264389849714
9.785,3.15154587960383
9.79,3.14910689201247
9.795,3.14531729112191
9.8,3.14016209153847
9.805,3.1370717258159
9.81,3.13948479157574
9.815,3.14396001291794
9.82,3.14706426841944
9.825,3.14880983338101
9.83,3.14920361037072
9.835,3.14824715651909
9.84,3.14593668967651
9.845,3.14226307345735
9.85,3.13721178111147
9.855,3.13421365607781
9.86,3.13670766072951
9.865,3.14125283922693
9.87,3.14441634678181
9.875,3.14621069299804
9.88,3.14664297334166
9.885,3.14571489719878
9.89,3.14342279463508
9.895,3.13975760188364
9.9,3.13815564350096
9.905,3.13861058478908
9.91,3.13767340674602
9.915,3.13879122144271
9.92,3.14196844910539
9.925,3.14376683559469
9.93,3.14419349235329
9.935,3.14325010652969
9.94,3.1409329476498
9.95,3.13723285286534
9.955,3.1355860087181
9.96,3.13598590301627
9.965,3.13498329908301
9.97,3.13602505027265
9.975,3.13911527602999
9.98,3.14081537818
9.985,3.14113207951506
9.99,3.14006663238188
9.995,3.13761482363369
10,3.13721777596735
10.005,3.13887391931896
10.01,3.13913898465526
10.015,3.14146483813367
10.02,3.14586067698392
